# training accuracy       validation accuracy
6.631000000000000227e-01 5.846999999999999975e-01
7.965999999999999748e-01 7.403999999999999471e-01
8.298999999999999710e-01 7.066999999999999948e-01
8.527000000000000135e-01 7.493999999999999551e-01
8.682999999999999607e-01 7.982000000000000206e-01
8.808000000000000274e-01 7.818000000000000504e-01
8.904999999999999583e-01 6.429000000000000270e-01
8.974999999999999645e-01 7.953000000000000069e-01
9.032000000000000028e-01 7.500000000000000000e-01
9.101000000000000201e-01 8.389999999999999680e-01
9.129000000000000448e-01 8.278999999999999693e-01
9.187999999999999501e-01 8.253000000000000336e-01
9.213000000000000078e-01 8.319999999999999618e-01
9.230000000000000426e-01 7.392999999999999572e-01
9.256999999999999673e-01 8.111000000000000432e-01
9.294999999999999929e-01 6.290000000000000036e-01
9.310000000000000497e-01 7.321999999999999620e-01
9.325999999999999845e-01 7.842999999999999972e-01
9.342000000000000304e-01 7.446000000000000396e-01
9.355999999999999872e-01 8.372000000000000552e-01
9.383000000000000229e-01 8.355000000000000204e-01
9.399999999999999467e-01 7.466000000000000414e-01
9.411000000000000476e-01 8.275000000000000133e-01
9.423000000000000265e-01 8.064999999999999947e-01
9.434000000000000163e-01 8.287999999999999812e-01
9.449999999999999512e-01 8.183000000000000274e-01
9.457999999999999741e-01 8.387999999999999901e-01
9.463000000000000300e-01 7.287000000000000144e-01
9.503000000000000336e-01 8.348999999999999755e-01
9.475999999999999979e-01 8.647000000000000242e-01
9.524000000000000243e-01 7.922000000000000153e-01
9.513000000000000345e-01 8.568999999999999950e-01
9.532000000000000473e-01 8.599999999999999867e-01
9.542000000000000481e-01 8.295000000000000151e-01
9.542000000000000481e-01 8.034000000000000030e-01
9.567999999999999838e-01 7.705999999999999517e-01
9.575000000000000178e-01 8.001000000000000334e-01
9.594000000000000306e-01 8.514000000000000457e-01
9.597999999999999865e-01 8.568999999999999950e-01
9.618999999999999773e-01 8.580999999999999739e-01
9.619999999999999662e-01 8.167999999999999705e-01
9.626000000000000112e-01 8.352000000000000535e-01
9.646000000000000130e-01 8.639000000000000012e-01
9.657000000000000028e-01 8.546000000000000263e-01
9.676000000000000156e-01 8.026999999999999691e-01
9.677000000000000046e-01 8.707000000000000295e-01
9.690999999999999615e-01 8.453000000000000513e-01
9.696000000000000174e-01 8.404000000000000359e-01
9.711999999999999522e-01 8.299999999999999600e-01
9.731999999999999540e-01 8.822999999999999732e-01
9.726000000000000201e-01 8.760000000000000009e-01
9.746000000000000218e-01 8.411999999999999478e-01
9.771999999999999575e-01 8.566000000000000281e-01
9.761999999999999567e-01 8.681999999999999718e-01
9.764000000000000457e-01 8.612999999999999545e-01
9.802999999999999492e-01 8.901999999999999913e-01
9.798999999999999932e-01 8.056999999999999718e-01
9.814000000000000501e-01 8.683999999999999497e-01
9.816000000000000281e-01 8.772999999999999687e-01
9.832999999999999519e-01 8.983999999999999764e-01
9.838999999999999968e-01 9.012999999999999901e-01
9.845000000000000417e-01 8.859000000000000208e-01
9.865000000000000435e-01 8.630999999999999783e-01
9.868000000000000105e-01 8.559999999999999831e-01
9.888000000000000123e-01 8.759000000000000119e-01
9.881999999999999673e-01 8.935999999999999499e-01
9.891999999999999682e-01 8.905999999999999472e-01
9.903999999999999471e-01 8.981999999999999984e-01
9.913999999999999480e-01 9.053999999999999826e-01
9.920999999999999819e-01 8.892999999999999794e-01
9.921999999999999709e-01 9.073999999999999844e-01
9.933999999999999497e-01 9.193999999999999950e-01
9.945000000000000506e-01 9.242000000000000215e-01
9.950999999999999845e-01 9.102999999999999980e-01
9.943999999999999506e-01 9.207999999999999519e-01
9.967000000000000304e-01 9.212000000000000188e-01
9.955000000000000515e-01 9.122000000000000108e-01
9.978000000000000203e-01 9.304999999999999938e-01
9.979000000000000092e-01 9.235999999999999766e-01
9.980999999999999872e-01 9.266999999999999682e-01
9.983999999999999542e-01 9.308999999999999497e-01
9.980999999999999872e-01 9.181000000000000272e-01
9.992999999999999661e-01 9.310000000000000497e-01
9.992999999999999661e-01 9.258999999999999453e-01
9.999000000000000110e-01 9.326999999999999735e-01
1.000000000000000000e+00 9.345999999999999863e-01
1.000000000000000000e+00 9.337999999999999634e-01
1.000000000000000000e+00 9.324000000000000066e-01
1.000000000000000000e+00 9.316999999999999726e-01
1.000000000000000000e+00 9.274999999999999911e-01
9.989999999999999991e-01 9.307999999999999607e-01
9.999000000000000110e-01 9.320000000000000506e-01
1.000000000000000000e+00 9.321000000000000396e-01
1.000000000000000000e+00 9.320000000000000506e-01
1.000000000000000000e+00 9.320000000000000506e-01
1.000000000000000000e+00 9.318999999999999506e-01
1.000000000000000000e+00 9.316999999999999726e-01
1.000000000000000000e+00 9.316999999999999726e-01
1.000000000000000000e+00 9.316999999999999726e-01
1.000000000000000000e+00 9.316999999999999726e-01
