# training accuracy        validation accuracy
6.493999999999999773e-01 7.023000000000000353e-01
8.048999999999999488e-01 8.125999999999999890e-01
8.456000000000000183e-01 8.077999999999999625e-01
8.712999999999999634e-01 8.397999999999999909e-01
8.882999999999999785e-01 8.556000000000000272e-01
9.016999999999999460e-01 8.478999999999999870e-01
9.127999999999999448e-01 8.464000000000000412e-01
9.201000000000000290e-01 8.662999999999999590e-01
9.298999999999999488e-01 8.594000000000000528e-01
9.348999999999999533e-01 8.881999999999999895e-01
9.408999999999999586e-01 8.555000000000000382e-01
9.466999999999999860e-01 8.871999999999999886e-01
9.517999999999999794e-01 8.880000000000000115e-01
9.526999999999999913e-01 8.760000000000000009e-01
9.566000000000000059e-01 8.823999999999999622e-01
9.607999999999999874e-01 8.891000000000000014e-01
9.620999999999999552e-01 8.811999999999999833e-01
9.647999999999999909e-01 8.879000000000000226e-01
9.664000000000000368e-01 8.646000000000000352e-01
9.667999999999999927e-01 8.768000000000000238e-01
9.703000000000000513e-01 8.911999999999999922e-01
9.697999999999999954e-01 8.860999999999999988e-01
9.720999999999999641e-01 8.665000000000000480e-01
9.727999999999999980e-01 8.821999999999999842e-01
9.741999999999999549e-01 8.772999999999999687e-01
9.757000000000000117e-01 8.611999999999999655e-01
9.756000000000000227e-01 8.793999999999999595e-01
9.752999999999999448e-01 8.920000000000000151e-01
9.768000000000000016e-01 8.931999999999999940e-01
9.775000000000000355e-01 8.770999999999999908e-01
9.764000000000000457e-01 8.895999999999999464e-01
9.788999999999999924e-01 8.793999999999999595e-01
9.811999999999999611e-01 8.951999999999999957e-01
9.804000000000000492e-01 8.903999999999999693e-01
9.811999999999999611e-01 8.969000000000000306e-01
9.805000000000000382e-01 8.941999999999999948e-01
9.802999999999999492e-01 8.850999999999999979e-01
9.804000000000000492e-01 9.009000000000000341e-01
9.832999999999999519e-01 8.820999999999999952e-01
9.808000000000000052e-01 9.008000000000000451e-01
9.804000000000000492e-01 8.883999999999999675e-01
9.817000000000000171e-01 8.811999999999999833e-01
9.776000000000000245e-01 9.019000000000000350e-01
9.841999999999999638e-01 8.994999999999999662e-01
9.848000000000000087e-01 9.123999999999999888e-01
9.848999999999999977e-01 8.948000000000000398e-01
9.838000000000000078e-01 9.104999999999999760e-01
9.840999999999999748e-01 9.053999999999999826e-01
9.845000000000000417e-01 9.016999999999999460e-01
9.828999999999999959e-01 9.181000000000000272e-01
9.829999999999999849e-01 8.943999999999999728e-01
9.839999999999999858e-01 9.064999999999999725e-01
9.857000000000000206e-01 8.883999999999999675e-01
9.828999999999999959e-01 9.043999999999999817e-01
9.866000000000000325e-01 8.952999999999999847e-01
9.836000000000000298e-01 9.012000000000000011e-01
9.868999999999999995e-01 8.942999999999999838e-01
9.840999999999999748e-01 8.880000000000000115e-01
9.852999999999999536e-01 9.043999999999999817e-01
9.838000000000000078e-01 9.140000000000000346e-01
